#   Rstart=2e-05m
#   RdotStart=0m/s
#   Rn=0.0001841m
#   deltaT=1e-11s
#   Tstart=0s
#   Tend=0.000115s
#   patm=101315Pa
#   pac=0Pa
#   f=26120Hz
#   mu=0.001002Pa s
#   sigma=0.0725Pa m (I think)
#   BTait=3.05e+07Pa
#   nTait=7.15no unit
#   kappa=1.4
#   pv=0Pa
#   rho0=998.206kg/m³
#   SpecGasConst=287J/molK
#   TempRef=293.15deg Celsius.
#   T0=0.01
#   Rn26.4e-05m#   t15e-05s#   t26e-05s# 
#t[s]	r[m]	v[m/s]	dT [s]	pBubble[Pa]	p_ac[Pa]	Rn
0	2e-05	0	1e-11	1.14271e+09	101315	0.0001841
1e-11	2e-05	0.392368	2.65075e-10	1.14271e+09	101315	0.0001841
2.75075e-10	2.00015e-05	10.7494	2.66166e-10	1.14236e+09	101315	0.0001841
5.41241e-10	2.00057e-05	21.0579	2.6925e-10	1.14134e+09	101315	0.0001841
8.10491e-10	2.00128e-05	31.3836	2.72621e-10	1.13965e+09	101315	0.0001841
1.08311e-09	2.00227e-05	41.7246	2.76319e-10	1.13727e+09	101315	0.0001841
1.35943e-09	2.00357e-05	52.0795	2.80374e-10	1.13418e+09	101315	0.0001841
1.63981e-09	2.00518e-05	62.4472	2.84824e-10	1.13037e+09	101315	0.0001841
1.92463e-09	2.0071e-05	72.8269	2.8971e-10	1.12582e+09	101315	0.0001841
2.21434e-09	2.00936e-05	83.2178	2.95084e-10	1.12051e+09	101315	0.0001841
2.50942e-09	2.01197e-05	93.6197	3.01004e-10	1.11442e+09	101315	0.0001841
2.81043e-09	2.01495e-05	104.033	3.07543e-10	1.10753e+09	101315	0.0001841
3.11797e-09	2.01831e-05	114.457	3.1479e-10	1.0998e+09	101315	0.0001841
3.43276e-09	2.02208e-05	124.895	3.22853e-10	1.09122e+09	101315	0.0001841
3.75561e-09	2.02628e-05	135.348	3.31868e-10	1.08175e+09	101315	0.0001841
4.08748e-09	2.03095e-05	145.82	3.42007e-10	1.07135e+09	101315	0.0001841
4.42949e-09	2.03611e-05	156.314	3.53494e-10	1.05997e+09	101315	0.0001841
4.78298e-09	2.04183e-05	166.838	3.66626e-10	1.04757e+09	101315	0.0001841
5.14961e-09	2.04814e-05	177.401	3.81807e-10	1.03408e+09	101315	0.0001841
5.53142e-09	2.05511e-05	188.015	3.99608e-10	1.01942e+09	101315	0.0001841
5.93102e-09	2.06284e-05	198.7	4.2087e-10	1.00347e+09	101315	0.0001841
6.35189e-09	2.07143e-05	209.483	4.469e-10	9.86108e+08	101315	0.0001841
6.79879e-09	2.08104e-05	220.404	4.79885e-10	9.67127e+08	101315	0.0001841
7.27868e-09	2.09189e-05	231.53	5.23882e-10	9.4624e+08	101315	0.0001841
7.80256e-09	2.10432e-05	242.971	5.87695e-10	9.22982e+08	101315	0.0001841
8.39026e-09	2.11896e-05	254.949	6.96444e-10	8.96501e+08	101315	0.0001841
9.0867e-09	2.13717e-05	267.999	9.8983e-10	8.6484e+08	101315	0.0001841
1.00765e-08	2.16454e-05	284.504	9.90946e-10	8.19841e+08	101315	0.0001841
1.07985e-08	2.18547e-05	295.111	7.48653e-10	7.87367e+08	101315	0.0001841
1.15471e-08	2.20793e-05	304.915	6.74414e-10	7.5426e+08	101315	0.0001841
1.22215e-08	2.22877e-05	312.769	6.40674e-10	7.25087e+08	101315	0.0001841
1.28622e-08	2.24902e-05	319.426	6.23874e-10	6.98052e+08	101315	0.0001841
1.34861e-08	2.26914e-05	325.203	6.1591e-10	6.72433e+08	101315	0.0001841
1.4102e-08	2.28932e-05	330.269	6.13623e-10	6.47876e+08	101315	0.0001841
1.47156e-08	2.30973e-05	334.727	6.1549e-10	6.24174e+08	101315	0.0001841
1.53311e-08	2.33046e-05	338.649	6.20704e-10	6.01189e+08	101315	0.0001841
1.59518e-08	2.35159e-05	342.087	6.28832e-10	5.78826e+08	101315	0.0001841
1.65806e-08	2.37319e-05	345.079	6.39667e-10	5.57011e+08	101315	0.0001841
1.72203e-08	2.39535e-05	347.655	6.53159e-10	5.35688e+08	101315	0.0001841
1.78735e-08	2.41813e-05	349.837	6.69382e-10	5.14809e+08	101315	0.0001841
1.85429e-08	2.44161e-05	351.642	6.88528e-10	4.94334e+08	101315	0.0001841
1.92314e-08	2.46588e-05	353.084	7.10916e-10	4.74224e+08	101315	0.0001841
1.99423e-08	2.49102e-05	354.171	7.37021e-10	4.54443e+08	101315	0.0001841
2.06793e-08	2.51715e-05	354.909	7.67522e-10	4.34954e+08	101315	0.0001841
2.14468e-08	2.54441e-05	355.299	8.03398e-10	4.15717e+08	101315	0.0001841
2.22502e-08	2.57296e-05	355.337	8.46081e-10	3.96685e+08	101315	0.0001841
2.30963e-08	2.60301e-05	355.015	8.97754e-10	3.77802e+08	101315	0.0001841
2.39941e-08	2.63485e-05	354.317	9.6193e-10	3.58993e+08	101315	0.0001841
2.4956e-08	2.66889e-05	353.214	1.04474e-09	3.40155e+08	101315	0.0001841
2.60007e-08	2.70571e-05	351.662	1.15826e-09	3.21131e+08	101315	0.0001841
2.7159e-08	2.74632e-05	349.578	1.33126e-09	3.01651e+08	101315	0.0001841
2.84903e-08	2.79268e-05	346.797	1.66303e-09	2.81173e+08	101315	0.0001841
3.01533e-08	2.85003e-05	342.872	3.63133e-09	2.58162e+08	101315	0.0001841
3.18416e-08	2.90756e-05	338.509	1.88103e-09	2.37379e+08	101315	0.0001841
3.33732e-08	2.95909e-05	334.317	1.54758e-09	2.20496e+08	101315	0.0001841
3.49208e-08	3.01049e-05	329.929	1.41989e-09	2.05111e+08	101315	0.0001841
3.63407e-08	3.05704e-05	325.817	1.3549e-09	1.92308e+08	101315	0.0001841
3.76956e-08	3.10092e-05	321.85	1.32054e-09	1.81135e+08	101315	0.0001841
3.90161e-08	3.14316e-05	317.968	1.30186e-09	1.71128e+08	101315	0.0001841
4.0318e-08	3.18431e-05	314.142	1.2928e-09	1.62031e+08	101315	0.0001841
4.16108e-08	3.22468e-05	310.361	1.29033e-09	1.53681e+08	101315	0.0001841
4.29011e-08	3.26448e-05	306.615	1.29273e-09	1.45963e+08	101315	0.0001841
4.41938e-08	3.30388e-05	302.9	1.29891e-09	1.38791e+08	101315	0.0001841
4.54928e-08	3.34298e-05	299.213	1.30819e-09	1.32099e+08	101315	0.0001841
4.6801e-08	3.38189e-05	295.553	1.32008e-09	1.25833e+08	101315	0.0001841
4.8121e-08	3.42066e-05	291.918	1.33424e-09	1.1995e+08	101315	0.0001841
4.94553e-08	3.45937e-05	288.307	1.35042e-09	1.14413e+08	101315	0.0001841
5.08057e-08	3.49806e-05	284.72	1.36845e-09	1.09192e+08	101315	0.0001841
5.21741e-08	3.53678e-05	281.157	1.3882e-09	1.04258e+08	101315	0.0001841
5.35623e-08	3.57556e-05	277.618	1.40958e-09	9.95904e+07	101315	0.0001841
5.49719e-08	3.61444e-05	274.103	1.43251e-09	9.51675e+07	101315	0.0001841
5.64044e-08	3.65346e-05	270.611	1.45696e-09	9.09715e+07	101315	0.0001841
5.78614e-08	3.69263e-05	267.143	1.48289e-09	8.69865e+07	101315	0.0001841
5.93443e-08	3.73199e-05	263.7	1.5103e-09	8.3198e+07	101315	0.0001841
6.08546e-08	3.77156e-05	260.281	1.53916e-09	7.95932e+07	101315	0.0001841
6.23937e-08	3.81136e-05	256.886	1.5695e-09	7.61603e+07	101315	0.0001841
6.39632e-08	3.85141e-05	253.516	1.60132e-09	7.28887e+07	101315	0.0001841
6.55646e-08	3.89174e-05	250.17	1.63464e-09	6.97687e+07	101315	0.0001841
6.71992e-08	3.93236e-05	246.85	1.6695e-09	6.67914e+07	101315	0.0001841
6.88687e-08	3.97329e-05	243.554	1.70593e-09	6.39486e+07	101315	0.0001841
7.05746e-08	4.01456e-05	240.283	1.74396e-09	6.12327e+07	101315	0.0001841
7.23186e-08	4.05618e-05	237.038	1.78365e-09	5.86368e+07	101315	0.0001841
7.41022e-08	4.09817e-05	233.817	1.82504e-09	5.61545e+07	101315	0.0001841
7.59273e-08	4.14055e-05	230.623	1.8682e-09	5.37798e+07	101315	0.0001841
7.77955e-08	4.18334e-05	227.453	1.91318e-09	5.1507e+07	101315	0.0001841
7.97087e-08	4.22655e-05	224.309	1.96004e-09	4.93311e+07	101315	0.0001841
8.16687e-08	4.27021e-05	221.19	2.00887e-09	4.72472e+07	101315	0.0001841
8.36776e-08	4.31433e-05	218.096	2.05974e-09	4.52508e+07	101315	0.0001841
8.57373e-08	4.35894e-05	215.028	2.11273e-09	4.33376e+07	101315	0.0001841
8.785e-08	4.40404e-05	211.986	2.16792e-09	4.15037e+07	101315	0.0001841
9.0018e-08	4.44967e-05	208.969	2.22542e-09	3.97453e+07	101315	0.0001841
9.22434e-08	4.49584e-05	205.977	2.28533e-09	3.8059e+07	101315	0.0001841
9.45287e-08	4.54257e-05	203.01	2.34774e-09	3.64414e+07	101315	0.0001841
9.68765e-08	4.58989e-05	200.069	2.41278e-09	3.48895e+07	101315	0.0001841
9.92892e-08	4.6378e-05	197.153	2.48055e-09	3.34003e+07	101315	0.0001841
1.0177e-07	4.68635e-05	194.262	2.5512e-09	3.19711e+07	101315	0.0001841
1.04321e-07	4.73554e-05	191.396	2.62484e-09	3.05993e+07	101315	0.0001841
1.06946e-07	4.7854e-05	188.555	2.70163e-09	2.92823e+07	101315	0.0001841
1.09647e-07	4.83596e-05	185.739	2.7817e-09	2.80179e+07	101315	0.0001841
1.12429e-07	4.88724e-05	182.948	2.86523e-09	2.68038e+07	101315	0.0001841
1.15294e-07	4.93926e-05	180.182	2.95238e-09	2.5638e+07	101315	0.0001841
1.18247e-07	4.99205e-05	177.44	3.04331e-09	2.45184e+07	101315	0.0001841
1.2129e-07	5.04563e-05	174.723	3.13823e-09	2.34432e+07	101315	0.0001841
1.24428e-07	5.10004e-05	172.03	3.23731e-09	2.24107e+07	101315	0.0001841
1.27666e-07	5.15529e-05	169.362	3.34079e-09	2.14189e+07	101315	0.0001841
1.31006e-07	5.21143e-05	166.717	3.44886e-09	2.04665e+07	101315	0.0001841
1.34455e-07	5.26847e-05	164.097	3.56177e-09	1.95518e+07	101315	0.0001841
1.38017e-07	5.32646e-05	161.501	3.67975e-09	1.86733e+07	101315	0.0001841
1.41697e-07	5.38541e-05	158.929	3.80307e-09	1.78297e+07	101315	0.0001841
1.455e-07	5.44536e-05	156.38	3.93199e-09	1.70197e+07	101315	0.0001841
1.49432e-07	5.50635e-05	153.855	4.06681e-09	1.62418e+07	101315	0.0001841
1.53499e-07	5.56841e-05	151.354	4.20782e-09	1.5495e+07	101315	0.0001841
1.57706e-07	5.63157e-05	148.876	4.35535e-09	1.47781e+07	101315	0.0001841
1.62062e-07	5.69587e-05	146.422	4.50974e-09	1.409e+07	101315	0.0001841
1.66572e-07	5.76135e-05	143.991	4.67133e-09	1.34295e+07	101315	0.0001841
1.71243e-07	5.82805e-05	141.583	4.84052e-09	1.27957e+07	101315	0.0001841
1.76083e-07	5.896e-05	139.198	5.01769e-09	1.21877e+07	101315	0.0001841
1.81101e-07	5.96525e-05	136.836	5.20326e-09	1.16044e+07	101315	0.0001841
1.86304e-07	6.03583e-05	134.496	5.39769e-09	1.1045e+07	101315	0.0001841
1.91702e-07	6.1078e-05	132.18	5.60144e-09	1.05086e+07	101315	0.0001841
1.97303e-07	6.18119e-05	129.886	5.815e-09	9.99445e+06	101315	0.0001841
2.03118e-07	6.25606e-05	127.615	6.0389e-09	9.50167e+06	101315	0.0001841
2.09157e-07	6.33244e-05	125.367	6.2737e-09	9.02952e+06	101315	0.0001841
2.15431e-07	6.41039e-05	123.141	6.51998e-09	8.57728e+06	101315	0.0001841
2.21951e-07	6.48995e-05	120.937	6.77836e-09	8.14422e+06	101315	0.0001841
2.28729e-07	6.57118e-05	118.756	7.04951e-09	7.72967e+06	101315	0.0001841
2.35779e-07	6.65413e-05	116.597	7.33411e-09	7.33297e+06	101315	0.0001841
2.43113e-07	6.73885e-05	114.46	7.6329e-09	6.95347e+06	101315	0.0001841
2.50746e-07	6.82541e-05	112.346	7.94668e-09	6.59058e+06	101315	0.0001841
2.58693e-07	6.91384e-05	110.253	8.27626e-09	6.24368e+06	101315	0.0001841
2.66969e-07	7.00423e-05	108.183	8.62253e-09	5.9122e+06	101315	0.0001841
2.75591e-07	7.09662e-05	106.134	8.98642e-09	5.5956e+06	101315	0.0001841
2.84578e-07	7.19108e-05	104.108	9.36893e-09	5.29332e+06	101315	0.0001841
2.93947e-07	7.28767e-05	102.103	9.77111e-09	5.00485e+06	101315	0.0001841
3.03718e-07	7.38646e-05	100.121	1.01941e-08	4.72967e+06	101315	0.0001841
3.13912e-07	7.48751e-05	98.1598	1.0639e-08	4.4673e+06	101315	0.0001841
3.24551e-07	7.5909e-05	96.2209	1.11072e-08	4.21726e+06	101315	0.0001841
3.35658e-07	7.6967e-05	94.3037	1.16e-08	3.97908e+06	101315	0.0001841
3.47258e-07	7.80499e-05	92.4083	1.21189e-08	3.75232e+06	101315	0.0001841
3.59377e-07	7.91583e-05	90.5346	1.26653e-08	3.53653e+06	101315	0.0001841
3.72042e-07	8.02931e-05	88.6825	1.3241e-08	3.3313e+06	101315	0.0001841
3.85283e-07	8.14551e-05	86.8522	1.38477e-08	3.13621e+06	101315	0.0001841
3.99131e-07	8.26452e-05	85.0434	1.44872e-08	2.95086e+06	101315	0.0001841
4.13618e-07	8.38642e-05	83.2563	1.51615e-08	2.77486e+06	101315	0.0001841
4.2878e-07	8.51129e-05	81.4907	1.58728e-08	2.60784e+06	101315	0.0001841
4.44653e-07	8.63925e-05	79.7466	1.66234e-08	2.44943e+06	101315	0.0001841
4.61276e-07	8.77037e-05	78.024	1.74157e-08	2.29926e+06	101315	0.0001841
4.78692e-07	8.90475e-05	76.3229	1.82524e-08	2.157e+06	101315	0.0001841
4.96944e-07	9.04251e-05	74.6431	1.91363e-08	2.02231e+06	101315	0.0001841
5.1608e-07	9.18375e-05	72.9848	2.00703e-08	1.89487e+06	101315	0.0001841
5.36151e-07	9.32857e-05	71.3477	2.10578e-08	1.77435e+06	101315	0.0001841
5.57209e-07	9.4771e-05	69.732	2.21021e-08	1.66045e+06	101315	0.0001841
5.79311e-07	9.62944e-05	68.1374	2.32072e-08	1.55288e+06	101315	0.0001841
6.02518e-07	9.78572e-05	66.5641	2.43769e-08	1.45135e+06	101315	0.0001841
6.26895e-07	9.94608e-05	65.0119	2.56157e-08	1.35558e+06	101315	0.0001841
6.52511e-07	0.000101106	63.4807	2.69281e-08	1.2653e+06	101315	0.0001841
6.79439e-07	0.000102795	61.9706	2.83193e-08	1.18026e+06	101315	0.0001841
7.07758e-07	0.000104529	60.4814	2.97946e-08	1.1002e+06	101315	0.0001841
7.37553e-07	0.000106309	59.013	3.136e-08	1.02488e+06	101315	0.0001841
7.68913e-07	0.000108136	57.5655	3.30216e-08	954071	101315	0.0001841
8.01934e-07	0.000110013	56.1387	3.47865e-08	887544	101315	0.0001841
8.36721e-07	0.000111942	54.7326	3.66618e-08	825084	101315	0.0001841
8.73383e-07	0.000113923	53.3471	3.86557e-08	766482	101315	0.0001841
9.12038e-07	0.000115958	51.982	4.07768e-08	711540	101315	0.0001841
9.52815e-07	0.00011805	50.6373	4.30345e-08	660064	101315	0.0001841
9.9585e-07	0.0001202	49.313	4.54389e-08	611871	101315	0.0001841
1.04129e-06	0.000122411	48.0088	4.80012e-08	566782	101315	0.0001841
1.08929e-06	0.000124684	46.7248	5.07332e-08	524629	101315	0.0001841
1.14002e-06	0.000127022	45.4607	5.36481e-08	485250	101315	0.0001841
1.19367e-06	0.000129428	44.2165	5.676e-08	448488	101315	0.0001841
1.25043e-06	0.000131902	42.9921	6.00844e-08	414196	101315	0.0001841
1.31052e-06	0.000134449	41.7874	6.36382e-08	382231	101315	0.0001841
1.37415e-06	0.00013707	40.6022	6.74398e-08	352459	101315	0.0001841
1.44159e-06	0.000139768	39.4363	7.15092e-08	324750	101315	0.0001841
1.5131e-06	0.000142547	38.2897	7.58685e-08	298981	101315	0.0001841
1.58897e-06	0.000145408	37.1623	8.05416e-08	275035	101315	0.0001841
1.66951e-06	0.000148356	36.0537	8.5555e-08	252801	101315	0.0001841
1.75507e-06	0.000151394	34.964	9.09376e-08	232173	101315	0.0001841
1.84601e-06	0.000154524	33.893	9.67212e-08	213050	101315	0.0001841
1.94273e-06	0.00015775	32.8404	1.02941e-07	195338	101315	0.0001841
2.04567e-06	0.000161077	31.8061	1.09634e-07	178946	101315	0.0001841
2.1553e-06	0.000164508	30.7899	1.16845e-07	163788	101315	0.0001841
2.27215e-06	0.000168046	29.7917	1.24619e-07	149783	101315	0.0001841
2.39677e-06	0.000171697	28.8112	1.33009e-07	136855	101315	0.0001841
2.52977e-06	0.000175464	27.8482	1.42071e-07	124932	101315	0.0001841
2.67184e-06	0.000179352	26.9026	1.5187e-07	113944	101315	0.0001841
2.82371e-06	0.000183367	25.974	1.62476e-07	103829	101315	0.0001841
2.98619e-06	0.000187512	25.0622	1.73968e-07	94524.6	101315	0.0001841
3.16016e-06	0.000191793	24.1671	1.86434e-07	85974.4	101315	0.0001841
3.34659e-06	0.000196215	23.2882	1.99972e-07	78124.5	101315	0.0001841
3.54656e-06	0.000200784	22.4254	2.14693e-07	70924.5	101315	0.0001841
3.76126e-06	0.000205507	21.5784	2.3072e-07	64326.9	101315	0.0001841
3.99198e-06	0.000210388	20.7468	2.48193e-07	58287.5	101315	0.0001841
4.24017e-06	0.000215434	19.9303	2.67269e-07	52764.3	101315	0.0001841
4.50744e-06	0.000220652	19.1286	2.88129e-07	47718.6	101315	0.0001841
4.79557e-06	0.000226049	18.3412	3.10974e-07	43113.7	101315	0.0001841
5.10654e-06	0.00023163	17.5678	3.36039e-07	38915.6	101315	0.0001841
5.44258e-06	0.000237404	16.808	3.63589e-07	35092.5	101315	0.0001841
5.80617e-06	0.000243377	16.0612	3.93934e-07	31614.6	101315	0.0001841
6.2001e-06	0.000249557	15.327	4.2743e-07	28454.3	101315	0.0001841
6.62753e-06	0.000255951	14.6047	4.64495e-07	25585.9	101315	0.0001841
7.09203e-06	0.000262567	13.8938	5.05621e-07	22985.3	101315	0.0001841
7.59765e-06	0.000269413	13.1936	5.51392e-07	20630.4	101315	0.0001841
8.14904e-06	0.000276494	12.5033	6.02506e-07	18500.5	101315	0.0001841
8.75155e-06	0.000283818	11.8219	6.59814e-07	16576.5	101315	0.0001841
9.41136e-06	0.000291393	11.1486	7.2436e-07	14840.6	101315	0.0001841
1.01357e-05	0.000299223	10.4821	7.97454e-07	13276.6	101315	0.0001841
1.09332e-05	0.000307313	9.8209	8.8077e-07	11869.2	101315	0.0001841
1.18139e-05	0.000315669	9.16345	9.76501e-07	10604.5	101315	0.0001841
1.27904e-05	0.000324291	8.50763	1.08761e-06	9469.7	101315	0.0001841
1.38781e-05	0.00033318	7.8508	1.21828e-06	8452.96	101315	0.0001841
1.50963e-05	0.000342335	7.18952	1.37469e-06	7543.41	101315	0.0001841
1.6471e-05	0.000351749	6.5191	1.56661e-06	6731.07	101315	0.0001841
1.80376e-05	0.000361415	5.8328	1.81108e-06	6006.73	101315	0.0001841
1.98487e-05	0.000371321	5.12021	2.14205e-06	5361.83	101315	0.0001841
2.19908e-05	0.000381463	4.36328	2.64444e-06	4788.07	101315	0.0001841
2.46352e-05	0.000391872	3.52436	3.65852e-06	4276.2	101315	0.0001841
2.82937e-05	0.000402827	2.48522	6.62331e-06	3808.6	101315	0.0001841
3.19674e-05	0.000410185	1.53412	4.08848e-06	3529.77	101315	0.0001841
3.60559e-05	0.000414401	0.537029	3.70722e-06	3381.4	101315	0.0001841
3.97631e-05	0.000414753	-0.344551	3.66633e-06	3369.35	101315	0.0001841
4.34294e-05	0.000411883	-1.22309	3.77765e-06	3469.05	101315	0.0001841
4.72071e-05	0.000405499	-2.16426	4.17738e-06	3704.29	101315	0.0001841
5.13845e-05	0.000394143	-3.29055	7.38152e-06	4173.67	101315	0.0001841
5.41396e-05	0.000383946	-4.12418	3.80774e-06	3133.27	101315	0.000167473
5.66363e-05	0.000372604	-4.9779	2.69357e-06	1412.81	101315	0.000134383
5.87233e-05	0.000361388	-5.78569	2.15427e-06	557.964	101315	0.000104398
6.04957e-05	0.00035046	-6.56048	1.80687e-06	201.218	101315	7.93333e-05
6.20278e-05	0.000339842	-7.31541	1.55352e-06	228.974	101315	7.93333e-05
6.3367e-05	0.000329557	-8.05925	1.35413e-06	260.522	101315	7.93333e-05
6.45478e-05	0.000319613	-8.79834	1.19179e-06	296.299	101315	7.93333e-05
6.55959e-05	0.000310012	-9.53727	1.05653e-06	336.793	101315	7.93333e-05
6.65311e-05	0.000300752	-10.2795	9.41953e-07	382.541	101315	7.93333e-05
6.73694e-05	0.000291827	-11.0278	8.43703e-07	434.136	101315	7.93333e-05
6.81236e-05	0.00028323	-11.7843	7.58645e-07	492.229	101315	7.93333e-05
6.88044e-05	0.000274952	-12.5509	6.84445e-07	557.536	101315	7.93333e-05
6.94888e-05	0.00026607	-13.4211	6.16184e-07	639.982	101315	7.93333e-05
7.00416e-05	0.000258436	-14.2136	5.55566e-07	723.213	101315	7.93333e-05
7.05971e-05	0.000250296	-15.1102	5.03093e-07	827.267	101315	7.93333e-05
7.11002e-05	0.000242468	-16.0287	4.53974e-07	945.376	101315	7.93333e-05
7.15542e-05	0.000234983	-16.9652	4.10592e-07	1078.45	101315	7.93333e-05
7.19648e-05	0.000227825	-17.9205	3.72263e-07	1228.08	101315	7.93333e-05
7.23371e-05	0.000220976	-18.8957	3.3828e-07	1396.06	101315	7.93333e-05
7.26753e-05	0.000214418	-19.8916	3.08046e-07	1584.35	101315	7.93333e-05
7.29834e-05	0.000208137	-20.9092	2.81067e-07	1795.07	101315	7.93333e-05
7.32645e-05	0.000202117	-21.9493	2.56923e-07	2030.58	101315	7.93333e-05
7.35214e-05	0.000196344	-23.0125	2.35262e-07	2293.41	101315	7.93333e-05
7.37566e-05	0.000190804	-24.0998	2.15781e-07	2586.33	101315	7.93333e-05
7.39724e-05	0.000185486	-25.2115	1.98222e-07	2912.36	101315	7.93333e-05
7.41707e-05	0.000180378	-26.3485	1.82362e-07	3274.78	101315	7.93333e-05
7.4353e-05	0.000175469	-27.5114	1.68009e-07	3677.16	101315	7.93333e-05
7.4521e-05	0.000170748	-28.7005	1.54995e-07	4123.38	101315	7.93333e-05
7.4676e-05	0.000166207	-29.9166	1.43175e-07	4617.65	101315	7.93333e-05
7.48192e-05	0.000161836	-31.1602	1.32422e-07	5164.53	101315	7.93333e-05
7.49516e-05	0.000157627	-32.4317	1.22622e-07	5768.97	101315	7.93333e-05
7.50742e-05	0.000153572	-33.7317	1.13679e-07	6436.35	101315	7.93333e-05
7.51879e-05	0.000149663	-35.0607	1.05506e-07	7172.46	101315	7.93333e-05
7.52934e-05	0.000145894	-36.4191	9.8025e-08	7983.61	101315	7.93333e-05
7.53914e-05	0.000142257	-37.8074	9.11693e-08	8876.6	101315	7.93333e-05
7.54826e-05	0.000138746	-39.2261	8.48783e-08	9858.8	101315	7.93333e-05
7.55675e-05	0.000135356	-40.6756	7.90982e-08	10938.2	101315	7.93333e-05
7.56466e-05	0.000132081	-42.1564	7.37812e-08	12123.3	101315	7.93333e-05
7.57204e-05	0.000128916	-43.6688	6.88846e-08	13423.5	101315	7.93333e-05
7.57893e-05	0.000125855	-45.2134	6.437e-08	14848.8	101315	7.93333e-05
7.58536e-05	0.000122895	-46.7905	6.02031e-08	16410.1	101315	7.93333e-05
7.59138e-05	0.00012003	-48.4007	5.63531e-08	18118.9	101315	7.93333e-05
7.59702e-05	0.000117257	-50.0442	5.27923e-08	19988	101315	7.93333e-05
7.6023e-05	0.000114571	-51.7215	4.94958e-08	22030.9	101315	7.93333e-05
7.60725e-05	0.00011197	-53.433	4.64408e-08	24262.2	101315	7.93333e-05
7.61189e-05	0.000109448	-55.1792	4.36073e-08	26697.8	101315	7.93333e-05
7.61625e-05	0.000107004	-56.9604	4.09766e-08	29354.7	101315	7.93333e-05
7.62035e-05	0.000104633	-58.777	3.85321e-08	32251.1	101315	7.93333e-05
7.6242e-05	0.000102333	-60.6294	3.62587e-08	35406.9	101315	7.93333e-05
7.62783e-05	0.000100101	-62.5181	3.41426e-08	38843.2	101315	7.93333e-05
7.63124e-05	9.79338e-05	-64.4433	3.21714e-08	42582.9	101315	7.93333e-05
7.63446e-05	9.58294e-05	-66.4055	3.03336e-08	46650.5	101315	7.93333e-05
7.63749e-05	9.37851e-05	-68.4051	2.8619e-08	51072.6	101315	7.93333e-05
7.64036e-05	9.17987e-05	-70.4424	2.7018e-08	55877.7	101315	7.93333e-05
7.64306e-05	8.98678e-05	-72.5178	2.5522e-08	61096.2	101315	7.93333e-05
7.64561e-05	8.79903e-05	-74.6317	2.41231e-08	66761.2	101315	7.93333e-05
7.64802e-05	8.61644e-05	-76.7844	2.28141e-08	72908	101315	7.93333e-05
7.6503e-05	8.43879e-05	-78.9763	2.15883e-08	79574.6	101315	7.93333e-05
7.65246e-05	8.26591e-05	-81.2078	2.04398e-08	86802	101315	7.93333e-05
7.65451e-05	8.09763e-05	-83.4792	1.93629e-08	94634	101315	7.93333e-05
7.65644e-05	7.93378e-05	-85.7908	1.83524e-08	103118	101315	7.93333e-05
7.65828e-05	7.7742e-05	-88.1431	1.74038e-08	112304	101315	7.93333e-05
7.66002e-05	7.61874e-05	-90.5362	1.65127e-08	122248	101315	7.93333e-05
7.66167e-05	7.46726e-05	-92.9706	1.5675e-08	133007	101315	7.93333e-05
7.66324e-05	7.31961e-05	-95.4466	1.48871e-08	144645	101315	7.93333e-05
7.66473e-05	7.17566e-05	-97.9644	1.41457e-08	157229	101315	7.93333e-05
7.66614e-05	7.03529e-05	-100.524	1.34475e-08	170831	101315	7.93333e-05
7.66748e-05	6.89838e-05	-103.127	1.27897e-08	185529	101315	7.93333e-05
7.66876e-05	6.76481e-05	-105.772	1.21697e-08	201408	101315	7.93333e-05
7.66998e-05	6.63447e-05	-108.46	1.15849e-08	218557	101315	7.93333e-05
7.67114e-05	6.50726e-05	-111.192	1.1033e-08	237072	101315	7.93333e-05
7.67224e-05	6.38307e-05	-113.967	1.0512e-08	257056	101315	7.93333e-05
7.67329e-05	6.2618e-05	-116.786	1.00198e-08	278622	101315	7.93333e-05
7.6743e-05	6.14336e-05	-119.649	9.5546e-09	301888	101315	7.93333e-05
7.67525e-05	6.02767e-05	-122.556	9.11477e-09	326982	101315	7.93333e-05
7.67616e-05	5.91463e-05	-125.507	8.69868e-09	354043	101315	7.93333e-05
7.67703e-05	5.80416e-05	-128.503	8.30489e-09	383217	101315	7.93333e-05
7.67786e-05	5.69619e-05	-131.544	7.93201e-09	414663	101315	7.93333e-05
7.67866e-05	5.59064e-05	-134.63	7.57878e-09	448551	101315	7.93333e-05
7.67941e-05	5.48743e-05	-137.76	7.24402e-09	485065	101315	7.93333e-05
7.68014e-05	5.3865e-05	-140.936	6.92663e-09	524400	101315	7.93333e-05
7.68083e-05	5.28778e-05	-144.156	6.62557e-09	566766	101315	7.93333e-05
7.68149e-05	5.19119e-05	-147.422	6.33988e-09	612391	101315	7.93333e-05
7.68213e-05	5.09669e-05	-150.732	6.06868e-09	661516	101315	7.93333e-05
7.68273e-05	5.00421e-05	-154.088	5.81112e-09	714402	101315	7.93333e-05
7.68332e-05	4.91369e-05	-157.489	5.56642e-09	771330	101315	7.93333e-05
7.68387e-05	4.82507e-05	-160.934	5.33385e-09	832598	101315	7.93333e-05
7.68441e-05	4.73831e-05	-164.425	5.11272e-09	898531	101315	7.93333e-05
7.68492e-05	4.65335e-05	-167.959	4.90239e-09	969473	101315	7.93333e-05
7.68541e-05	4.57014e-05	-171.538	4.70227e-09	1.0458e+06	101315	7.93333e-05
7.68588e-05	4.48863e-05	-175.161	4.51179e-09	1.1279e+06	101315	7.93333e-05
7.68633e-05	4.40878e-05	-178.828	4.33042e-09	1.21622e+06	101315	7.93333e-05
7.68676e-05	4.33055e-05	-182.537	4.15768e-09	1.31121e+06	101315	7.93333e-05
7.68718e-05	4.25388e-05	-186.29	3.99308e-09	1.41336e+06	101315	7.93333e-05
7.68758e-05	4.17874e-05	-190.085	3.83621e-09	1.52321e+06	101315	7.93333e-05
7.68796e-05	4.10509e-05	-193.921	3.68665e-09	1.64133e+06	101315	7.93333e-05
7.68833e-05	4.03289e-05	-197.798	3.54402e-09	1.76832e+06	101315	7.93333e-05
7.68868e-05	3.9621e-05	-201.716	3.40796e-09	1.90486e+06	101315	7.93333e-05
7.68902e-05	3.89269e-05	-205.673	3.27812e-09	2.05164e+06	101315	7.93333e-05
7.68935e-05	3.82462e-05	-209.668	3.15419e-09	2.20943e+06	101315	7.93333e-05
7.68967e-05	3.75785e-05	-213.701	3.03588e-09	2.37905e+06	101315	7.93333e-05
7.68997e-05	3.69236e-05	-217.771	2.92289e-09	2.56137e+06	101315	7.93333e-05
7.69026e-05	3.62812e-05	-221.876	2.81496e-09	2.75734e+06	101315	7.93333e-05
7.69054e-05	3.56508e-05	-226.015	2.71184e-09	2.96797e+06	101315	7.93333e-05
7.69082e-05	3.50323e-05	-230.186	2.6133e-09	3.19436e+06	101315	7.93333e-05
7.69108e-05	3.44253e-05	-234.389	2.51911e-09	3.43768e+06	101315	7.93333e-05
7.69133e-05	3.38296e-05	-238.621	2.42906e-09	3.69919e+06	101315	7.93333e-05
7.69157e-05	3.32448e-05	-242.881	2.34296e-09	3.98027e+06	101315	7.93333e-05
7.69181e-05	3.26707e-05	-247.167	2.26062e-09	4.28236e+06	101315	7.93333e-05
7.69203e-05	3.21072e-05	-251.477	2.18186e-09	4.60706e+06	101315	7.93333e-05
7.69225e-05	3.15538e-05	-255.809	2.10652e-09	4.95605e+06	101315	7.93333e-05
7.69246e-05	3.10103e-05	-260.161	2.03442e-09	5.33118e+06	101315	7.93333e-05
7.69266e-05	3.04767e-05	-264.53	1.96544e-09	5.73441e+06	101315	7.93333e-05
7.69286e-05	2.99525e-05	-268.914	1.89941e-09	6.16787e+06	101315	7.93333e-05
7.69305e-05	2.94375e-05	-273.31	1.83621e-09	6.63385e+06	101315	7.93333e-05
7.69323e-05	2.89317e-05	-277.715	1.7757e-09	7.13483e+06	101315	7.93333e-05
7.69341e-05	2.84346e-05	-282.125	1.71776e-09	7.67347e+06	101315	7.93333e-05
7.69358e-05	2.79462e-05	-286.539	1.66227e-09	8.25266e+06	101315	7.93333e-05
7.69375e-05	2.74663e-05	-290.952	1.60911e-09	8.87549e+06	101315	7.93333e-05
7.69391e-05	2.69946e-05	-295.36	1.55816e-09	9.54531e+06	101315	7.93333e-05
7.69407e-05	2.65309e-05	-299.76	1.50932e-09	1.02657e+07	101315	7.93333e-05
7.69422e-05	2.60752e-05	-304.147	1.46249e-09	1.10406e+07	101315	7.93333e-05
7.69436e-05	2.56272e-05	-308.516	1.41754e-09	1.18742e+07	101315	7.93333e-05
7.69451e-05	2.51868e-05	-312.864	1.37438e-09	1.27709e+07	101315	7.93333e-05
7.69464e-05	2.47539e-05	-317.183	1.33291e-09	1.37357e+07	101315	7.93333e-05
7.69478e-05	2.43283e-05	-321.47	1.29302e-09	1.47736e+07	101315	7.93333e-05
7.69491e-05	2.39098e-05	-325.718	1.25461e-09	1.58902e+07	101315	7.93333e-05
7.69503e-05	2.34986e-05	-329.92	1.21757e-09	1.70914e+07	101315	7.93333e-05
7.69515e-05	2.30944e-05	-334.07	1.1818e-09	1.83834e+07	101315	7.93333e-05
7.69527e-05	2.26971e-05	-338.159	1.1472e-09	1.9773e+07	101315	7.93333e-05
7.69539e-05	2.23069e-05	-342.181	1.11367e-09	2.1267e+07	101315	7.93333e-05
7.6955e-05	2.19236e-05	-346.126	1.0811e-09	2.28728e+07	101315	7.93333e-05
7.69561e-05	2.15474e-05	-349.986	1.0494e-09	2.45978e+07	101315	7.93333e-05
7.69571e-05	2.11781e-05	-353.75	1.01848e-09	2.645e+07	101315	7.93333e-05
7.69581e-05	2.0816e-05	-357.41	9.8825e-10	2.84372e+07	101315	7.93333e-05
7.69591e-05	2.0461e-05	-360.955	9.58634e-10	3.05674e+07	101315	7.93333e-05
7.69601e-05	2.01133e-05	-364.373	9.29565e-10	3.28487e+07	101315	7.93333e-05
7.6961e-05	1.97731e-05	-367.654	9.00988e-10	3.52889e+07	101315	7.93333e-05
7.69619e-05	1.94404e-05	-370.787	8.72866e-10	3.78954e+07	101315	7.93333e-05
7.69628e-05	1.91155e-05	-373.761	8.45173e-10	4.06756e+07	101315	7.93333e-05
7.69636e-05	1.87984e-05	-376.564	8.17904e-10	4.36359e+07	101315	7.93333e-05
7.69644e-05	1.84893e-05	-379.188	7.91067e-10	4.67825e+07	101315	7.93333e-05
7.69652e-05	1.81884e-05	-381.622	7.64685e-10	5.01205e+07	101315	7.93333e-05
7.6966e-05	1.78957e-05	-383.856	7.38795e-10	5.36545e+07	101315	7.93333e-05
7.69667e-05	1.76114e-05	-385.884	7.13441e-10	5.7388e+07	101315	7.93333e-05
7.69674e-05	1.73354e-05	-387.698	6.88674e-10	6.13239e+07	101315	7.93333e-05
7.69681e-05	1.70678e-05	-389.292	6.64547e-10	6.54638e+07	101315	7.93333e-05
7.69688e-05	1.68087e-05	-390.662	6.41109e-10	6.98089e+07	101315	7.93333e-05
7.69694e-05	1.65578e-05	-391.803	6.18407e-10	7.43594e+07	101315	7.93333e-05
7.69701e-05	1.63153e-05	-392.714	5.96481e-10	7.91147e+07	101315	7.93333e-05
7.69707e-05	1.60808e-05	-393.392	5.7536e-10	8.40736e+07	101315	7.93333e-05
7.69712e-05	1.58543e-05	-393.838	5.55067e-10	8.92343e+07	101315	7.93333e-05
7.69718e-05	1.56356e-05	-394.05	5.35614e-10	9.45944e+07	101315	7.93333e-05
7.69723e-05	1.54246e-05	-394.031	5.17005e-10	1.00151e+08	101315	7.93333e-05
7.69728e-05	1.52209e-05	-393.781	4.99234e-10	1.05901e+08	101315	7.93333e-05
7.69733e-05	1.50244e-05	-393.303	4.82289e-10	1.1184e+08	101315	7.93333e-05
7.69738e-05	1.48349e-05	-392.599	4.66154e-10	1.17965e+08	101315	7.93333e-05
7.69743e-05	1.46521e-05	-391.672	4.50806e-10	1.24271e+08	101315	7.93333e-05
7.69747e-05	1.44758e-05	-390.525	4.3622e-10	1.30754e+08	101315	7.93333e-05
7.69752e-05	1.43057e-05	-389.162	4.22366e-10	1.37408e+08	101315	7.93333e-05
7.69756e-05	1.41417e-05	-387.585	4.09215e-10	1.44227e+08	101315	7.93333e-05
7.6976e-05	1.39834e-05	-385.799	3.96735e-10	1.51208e+08	101315	7.93333e-05
7.69764e-05	1.38308e-05	-383.806	3.84896e-10	1.58343e+08	101315	7.93333e-05
7.69768e-05	1.36834e-05	-381.612	3.73666e-10	1.65627e+08	101315	7.93333e-05
7.69772e-05	1.35413e-05	-379.22	3.63015e-10	1.73053e+08	101315	7.93333e-05
7.69775e-05	1.34041e-05	-376.632	3.52912e-10	1.80616e+08	101315	7.93333e-05
7.69779e-05	1.32716e-05	-373.855	3.43328e-10	1.88307e+08	101315	7.93333e-05
7.69782e-05	1.31438e-05	-370.89	3.34237e-10	1.96121e+08	101315	7.93333e-05
7.69786e-05	1.30203e-05	-367.742	3.25612e-10	2.0405e+08	101315	7.93333e-05
7.69789e-05	1.29011e-05	-364.414	3.17427e-10	2.12086e+08	101315	7.93333e-05
7.69792e-05	1.2786e-05	-360.911	3.09659e-10	2.20223e+08	101315	7.93333e-05
7.69795e-05	1.26748e-05	-357.236	3.02285e-10	2.28452e+08	101315	7.93333e-05
7.69798e-05	1.25674e-05	-353.393	2.95285e-10	2.36766e+08	101315	7.93333e-05
7.69801e-05	1.24636e-05	-349.385	2.88639e-10	2.45156e+08	101315	7.93333e-05
7.69804e-05	1.23634e-05	-345.216	2.82328e-10	2.53614e+08	101315	7.93333e-05
7.69807e-05	1.22665e-05	-340.89	2.76334e-10	2.62132e+08	101315	7.93333e-05
7.69809e-05	1.21729e-05	-336.41	2.70641e-10	2.70701e+08	101315	7.93333e-05
7.69812e-05	1.20825e-05	-331.779	2.65235e-10	2.79312e+08	101315	7.93333e-05
7.69815e-05	1.19951e-05	-327.002	2.601e-10	2.87957e+08	101315	7.93333e-05
7.69817e-05	1.19107e-05	-322.081	2.55224e-10	2.96627e+08	101315	7.93333e-05
7.6982e-05	1.18292e-05	-317.02	2.50594e-10	3.05312e+08	101315	7.93333e-05
7.69823e-05	1.17504e-05	-311.823	2.46198e-10	3.14004e+08	101315	7.93333e-05
7.69825e-05	1.16743e-05	-306.492	2.42026e-10	3.22693e+08	101315	7.93333e-05
7.69827e-05	1.16007e-05	-301.031	2.38068e-10	3.3137e+08	101315	7.93333e-05
7.6983e-05	1.15297e-05	-295.443	2.34313e-10	3.40026e+08	101315	7.93333e-05
7.69832e-05	1.14612e-05	-289.732	2.30754e-10	3.48651e+08	101315	7.93333e-05
7.69834e-05	1.1395e-05	-283.9	2.27383e-10	3.57236e+08	101315	7.93333e-05
7.69837e-05	1.13311e-05	-277.952	2.24191e-10	3.65771e+08	101315	7.93333e-05
7.69839e-05	1.12695e-05	-271.889	2.21172e-10	3.74247e+08	101315	7.93333e-05
7.69841e-05	1.121e-05	-265.716	2.1832e-10	3.82655e+08	101315	7.93333e-05
7.69843e-05	1.11527e-05	-259.434	2.15627e-10	3.90985e+08	101315	7.93333e-05
7.69845e-05	1.10974e-05	-253.048	2.1309e-10	3.99226e+08	101315	7.93333e-05
7.69848e-05	1.10442e-05	-246.561	2.10702e-10	4.07371e+08	101315	7.93333e-05
7.6985e-05	1.09929e-05	-239.975	2.0846e-10	4.15409e+08	101315	7.93333e-05
7.69852e-05	1.09436e-05	-233.293	2.06359e-10	4.23331e+08	101315	7.93333e-05
7.69854e-05	1.08961e-05	-226.518	2.04394e-10	4.31127e+08	101315	7.93333e-05
7.69856e-05	1.08505e-05	-219.654	2.02563e-10	4.38788e+08	101315	7.93333e-05
7.69858e-05	1.08068e-05	-212.702	2.00862e-10	4.46304e+08	101315	7.93333e-05
7.6986e-05	1.07647e-05	-205.667	1.9929e-10	4.53667e+08	101315	7.93333e-05
7.69862e-05	1.07245e-05	-198.55	1.97842e-10	4.60867e+08	101315	7.93333e-05
7.69864e-05	1.06859e-05	-191.355	1.96517e-10	4.67894e+08	101315	7.93333e-05
7.69866e-05	1.0649e-05	-184.084	1.95314e-10	4.7474e+08	101315	7.93333e-05
7.69868e-05	1.06138e-05	-176.741	1.94231e-10	4.81395e+08	101315	7.93333e-05
7.6987e-05	1.05801e-05	-169.327	1.93266e-10	4.87851e+08	101315	7.93333e-05
7.69872e-05	1.05481e-05	-161.846	1.9242e-10	4.94098e+08	101315	7.93333e-05
7.69874e-05	1.05177e-05	-154.3	1.91692e-10	5.00127e+08	101315	7.93333e-05
7.69876e-05	1.04889e-05	-146.692	1.91081e-10	5.05931e+08	101315	7.93333e-05
7.69877e-05	1.04616e-05	-139.025	1.90588e-10	5.11499e+08	101315	7.93333e-05
7.69879e-05	1.04358e-05	-131.3	1.90215e-10	5.16823e+08	101315	7.93333e-05
7.69881e-05	1.04116e-05	-123.522	1.89961e-10	5.21895e+08	101315	7.93333e-05
7.69883e-05	1.03889e-05	-115.692	1.89828e-10	5.26705e+08	101315	7.93333e-05
7.69885e-05	1.03676e-05	-107.813	1.8982e-10	5.31247e+08	101315	7.93333e-05
7.69887e-05	1.03479e-05	-99.8867	1.89937e-10	5.3551e+08	101315	7.93333e-05
7.69889e-05	1.03297e-05	-91.9166	1.90183e-10	5.39488e+08	101315	7.93333e-05
7.69891e-05	1.0313e-05	-83.9047	1.90562e-10	5.43171e+08	101315	7.93333e-05
7.69893e-05	1.02978e-05	-75.8536	1.91078e-10	5.46551e+08	101315	7.93333e-05
7.69895e-05	1.0284e-05	-67.7655	1.91736e-10	5.4962e+08	101315	7.93333e-05
7.69897e-05	1.02718e-05	-59.6429	1.92541e-10	5.52371e+08	101315	7.93333e-05
7.69898e-05	1.02611e-05	-51.4879	1.93501e-10	5.54793e+08	101315	7.93333e-05
7.699e-05	1.0252e-05	-43.303	1.94622e-10	5.56881e+08	101315	7.93333e-05
7.69902e-05	1.02443e-05	-35.0903	1.95914e-10	5.58624e+08	101315	7.93333e-05
7.69904e-05	1.02383e-05	-26.8519	1.97387e-10	5.60016e+08	101315	7.93333e-05
7.69906e-05	1.02338e-05	-18.5901	1.99052e-10	5.61047e+08	101315	7.93333e-05
7.69908e-05	1.02309e-05	-10.3067	2.00922e-10	5.6171e+08	101315	7.93333e-05
7.6991e-05	1.02297e-05	-2.00393	2.03013e-10	5.61995e+08	101315	7.93333e-05
7.69912e-05	1.02301e-05	6.31648	2.05342e-10	5.61894e+08	101315	7.93333e-05
7.69914e-05	1.02323e-05	14.6527	2.0793e-10	5.61397e+08	101315	7.93333e-05
7.69916e-05	1.02362e-05	23.0031	2.10801e-10	5.60495e+08	101315	7.93333e-05
7.69919e-05	1.02419e-05	31.3661	2.13982e-10	5.59179e+08	101315	7.93333e-05
7.69921e-05	1.02495e-05	39.7404	2.17507e-10	5.57437e+08	101315	7.93333e-05
7.69923e-05	1.02591e-05	48.1248	2.21414e-10	5.55259e+08	101315	7.93333e-05
7.69925e-05	1.02707e-05	56.5184	2.2575e-10	5.52633e+08	101315	7.93333e-05
7.69927e-05	1.02844e-05	64.9206	2.30572e-10	5.49545e+08	101315	7.93333e-05
7.6993e-05	1.03003e-05	73.3313	2.35949e-10	5.45982e+08	101315	7.93333e-05
7.69932e-05	1.03186e-05	81.7507	2.41966e-10	5.41927e+08	101315	7.93333e-05
7.69934e-05	1.03394e-05	90.1798	2.4873e-10	5.37361e+08	101315	7.93333e-05
7.69937e-05	1.03629e-05	98.6204	2.56378e-10	5.32265e+08	101315	7.93333e-05
7.69939e-05	1.03893e-05	107.075	2.65086e-10	5.26613e+08	101315	7.93333e-05
7.69942e-05	1.04188e-05	115.549	2.75092e-10	5.20376e+08	101315	7.93333e-05
7.69945e-05	1.04518e-05	124.048	2.86718e-10	5.13518e+08	101315	7.93333e-05
7.69948e-05	1.04886e-05	132.581	3.00425e-10	5.05994e+08	101315	7.93333e-05
7.69951e-05	1.05297e-05	141.163	3.16893e-10	4.97744e+08	101315	7.93333e-05
7.69954e-05	1.05758e-05	149.814	3.37192e-10	4.88692e+08	101315	7.93333e-05
7.69957e-05	1.06278e-05	158.568	3.63133e-10	4.78727e+08	101315	7.93333e-05
7.69961e-05	1.0687e-05	167.476	3.98137e-10	4.67685e+08	101315	7.93333e-05
7.69965e-05	1.07555e-05	176.63	4.49863e-10	4.55298e+08	101315	7.93333e-05
7.69969e-05	1.08372e-05	186.22	5.41525e-10	4.41064e+08	101315	7.93333e-05
7.69975e-05	1.09409e-05	196.733	8.34357e-10	4.23763e+08	101315	7.93333e-05
7.69982e-05	1.1077e-05	208.275	7.22494e-10	4.02331e+08	101315	7.93333e-05
7.69987e-05	1.11933e-05	216.534	5.64427e-10	3.85059e+08	101315	7.93333e-05
7.69993e-05	1.13177e-05	224.037	5.11971e-10	3.67595e+08	101315	7.93333e-05
7.69998e-05	1.14339e-05	230.014	4.89123e-10	3.5215e+08	101315	7.93333e-05
7.70003e-05	1.15477e-05	235.04	4.78727e-10	3.37807e+08	101315	7.93333e-05
7.70007e-05	1.16613e-05	239.358	4.75027e-10	3.24203e+08	101315	7.93333e-05
7.70012e-05	1.17759e-05	243.097	4.75782e-10	3.11155e+08	101315	7.93333e-05
7.70017e-05	1.18923e-05	246.34	4.79935e-10	2.98557e+08	101315	7.93333e-05
7.70022e-05	1.20113e-05	249.141	4.86967e-10	2.86338e+08	101315	7.93333e-05
7.70027e-05	1.21332e-05	251.541	4.96652e-10	2.74446e+08	101315	7.93333e-05
7.70032e-05	1.22586e-05	253.567	5.08958e-10	2.62842e+08	101315	7.93333e-05
7.70037e-05	1.23881e-05	255.243	5.24006e-10	2.51493e+08	101315	7.93333e-05
7.70042e-05	1.25223e-05	256.584	5.42073e-10	2.40373e+08	101315	7.93333e-05
7.70047e-05	1.26616e-05	257.601	5.63611e-10	2.29454e+08	101315	7.93333e-05
7.70053e-05	1.2807e-05	258.3	5.89307e-10	2.1871e+08	101315	7.93333e-05
7.70059e-05	1.29594e-05	258.685	6.202e-10	2.08112e+08	101315	7.93333e-05
7.70065e-05	1.31199e-05	258.752	6.57891e-10	1.97629e+08	101315	7.93333e-05
7.70072e-05	1.329e-05	258.492	7.04976e-10	1.87217e+08	101315	7.93333e-05
7.70079e-05	1.34721e-05	257.885	7.65996e-10	1.76819e+08	101315	7.93333e-05
7.70086e-05	1.36692e-05	256.9	8.49887e-10	1.66351e+08	101315	7.93333e-05
7.70095e-05	1.3887e-05	255.475	9.77936e-10	1.55667e+08	101315	7.93333e-05
7.70105e-05	1.41359e-05	253.485	1.22346e-09	1.44476e+08	101315	7.93333e-05
7.70117e-05	1.44443e-05	250.587	2.66668e-09	1.31956e+08	101315	7.93333e-05
7.70129e-05	1.47561e-05	247.278	1.39234e-09	1.20635e+08	101315	7.93333e-05
7.70141e-05	1.50355e-05	244.065	1.14893e-09	1.11494e+08	101315	7.93333e-05
7.70152e-05	1.5314e-05	240.686	1.05794e-09	1.03223e+08	101315	7.93333e-05
7.70163e-05	1.5567e-05	237.501	1.01333e-09	9.6359e+07	101315	7.93333e-05
7.70173e-05	1.58061e-05	234.415	9.91152e-10	9.03834e+07	101315	7.93333e-05
7.70183e-05	1.60369e-05	231.385	9.8056e-10	8.50437e+07	101315	7.93333e-05
7.70193e-05	1.62624e-05	228.394	9.77169e-10	8.02013e+07	101315	7.93333e-05
7.70202e-05	1.64841e-05	225.432	9.78787e-10	7.57669e+07	101315	7.93333e-05
7.70212e-05	1.67033e-05	222.493	9.84171e-10	7.16775e+07	101315	7.93333e-05
7.70222e-05	1.69208e-05	219.576	9.92552e-10	6.78861e+07	101315	7.93333e-05
7.70232e-05	1.71373e-05	216.679	1.00343e-09	6.43563e+07	101315	7.93333e-05
7.70242e-05	1.73533e-05	213.8	1.01648e-09	6.10586e+07	101315	7.93333e-05
7.70252e-05	1.75692e-05	210.94	1.03145e-09	5.79691e+07	101315	7.93333e-05
7.70263e-05	1.77853e-05	208.098	1.0482e-09	5.50678e+07	101315	7.93333e-05
7.70273e-05	1.80019e-05	205.274	1.06662e-09	5.23375e+07	101315	7.93333e-05
7.70284e-05	1.82194e-05	202.468	1.08662e-09	4.97637e+07	101315	7.93333e-05
7.70295e-05	1.84378e-05	199.68	1.10816e-09	4.73335e+07	101315	7.93333e-05
7.70306e-05	1.86576e-05	196.911	1.13122e-09	4.50359e+07	101315	7.93333e-05
7.70317e-05	1.88788e-05	194.16	1.15578e-09	4.2861e+07	101315	7.93333e-05
7.70328e-05	1.91016e-05	191.428	1.18184e-09	4.08e+07	101315	7.93333e-05
7.7034e-05	1.93262e-05	188.715	1.20943e-09	3.8845e+07	101315	7.93333e-05
7.70352e-05	1.95528e-05	186.021	1.23857e-09	3.6989e+07	101315	7.93333e-05
7.70365e-05	1.97815e-05	183.347	1.26928e-09	3.52256e+07	101315	7.93333e-05
7.70377e-05	2.00126e-05	180.691	1.30162e-09	3.3549e+07	101315	7.93333e-05
7.7039e-05	2.0246e-05	178.056	1.33562e-09	3.19538e+07	101315	7.93333e-05
7.70404e-05	2.04821e-05	175.44	1.37135e-09	3.04354e+07	101315	7.93333e-05
7.70418e-05	2.07209e-05	172.843	1.40887e-09	2.89891e+07	101315	7.93333e-05
7.70432e-05	2.09626e-05	170.267	1.44824e-09	2.7611e+07	101315	7.93333e-05
7.70446e-05	2.12073e-05	167.711	1.48953e-09	2.62973e+07	101315	7.93333e-05
7.70461e-05	2.14552e-05	165.174	1.53284e-09	2.50445e+07	101315	7.93333e-05
7.70476e-05	2.17065e-05	162.658	1.57823e-09	2.38494e+07	101315	7.93333e-05
7.70492e-05	2.19612e-05	160.162	1.62582e-09	2.27089e+07	101315	7.93333e-05
7.70508e-05	2.22196e-05	157.686	1.67569e-09	2.16203e+07	101315	7.93333e-05
7.70525e-05	2.24817e-05	155.23	1.72796e-09	2.0581e+07	101315	7.93333e-05
7.70542e-05	2.27478e-05	152.794	1.78273e-09	1.95886e+07	101315	7.93333e-05
7.7056e-05	2.30181e-05	150.379	1.84013e-09	1.86407e+07	101315	7.93333e-05
7.70579e-05	2.32926e-05	147.984	1.90028e-09	1.77353e+07	101315	7.93333e-05
7.70598e-05	2.35715e-05	145.609	1.96332e-09	1.68704e+07	101315	7.93333e-05
7.70617e-05	2.38551e-05	143.254	2.02939e-09	1.6044e+07	101315	7.93333e-05
7.70638e-05	2.41434e-05	140.92	2.09865e-09	1.52545e+07	101315	7.93333e-05
7.70659e-05	2.44367e-05	138.606	2.17126e-09	1.45002e+07	101315	7.93333e-05
7.7068e-05	2.47351e-05	136.312	2.24738e-09	1.37795e+07	101315	7.93333e-05
7.70703e-05	2.50389e-05	134.038	2.3272e-09	1.30908e+07	101315	7.93333e-05
7.70726e-05	2.53482e-05	131.785	2.41092e-09	1.2433e+07	101315	7.93333e-05
7.7075e-05	2.56632e-05	129.552	2.49872e-09	1.18045e+07	101315	7.93333e-05
7.70775e-05	2.59841e-05	127.339	2.59083e-09	1.12041e+07	101315	7.93333e-05
7.70801e-05	2.63112e-05	125.146	2.68747e-09	1.06307e+07	101315	7.93333e-05
7.70828e-05	2.66446e-05	122.973	2.78889e-09	1.00831e+07	101315	7.93333e-05
7.70856e-05	2.69845e-05	120.821	2.89533e-09	9.56029e+06	101315	7.93333e-05
7.70885e-05	2.73312e-05	118.689	3.00707e-09	9.06118e+06	101315	7.93333e-05
7.70915e-05	2.76849e-05	116.577	3.1244e-09	8.5848e+06	101315	7.93333e-05
7.70946e-05	2.80458e-05	114.485	3.2476e-09	8.13024e+06	101315	7.93333e-05
7.70979e-05	2.84143e-05	112.413	3.37701e-09	7.6966e+06	101315	7.93333e-05
7.71012e-05	2.87904e-05	110.361	3.51296e-09	7.28303e+06	101315	7.93333e-05
7.71047e-05	2.91745e-05	108.33	3.65582e-09	6.88871e+06	101315	7.93333e-05
7.71084e-05	2.95668e-05	106.319	3.80596e-09	6.51287e+06	101315	7.93333e-05
7.71122e-05	2.99676e-05	104.328	3.9638e-09	6.15476e+06	101315	7.93333e-05
7.71162e-05	3.03772e-05	102.357	4.12975e-09	5.81365e+06	101315	7.93333e-05
7.71203e-05	3.07959e-05	100.406	4.30429e-09	5.48886e+06	101315	7.93333e-05
7.71246e-05	3.12239e-05	98.4759	4.48789e-09	5.17973e+06	101315	7.93333e-05
7.71291e-05	3.16615e-05	96.5657	4.68108e-09	4.88562e+06	101315	7.93333e-05
7.71338e-05	3.21091e-05	94.6757	4.8844e-09	4.60591e+06	101315	7.93333e-05
7.71387e-05	3.25669e-05	92.8059	5.09845e-09	4.34001e+06	101315	7.93333e-05
7.71438e-05	3.30353e-05	90.9564	5.32385e-09	4.08736e+06	101315	7.93333e-05
7.71491e-05	3.35146e-05	89.1272	5.56127e-09	3.8474e+06	101315	7.93333e-05
7.71546e-05	3.40052e-05	87.3182	5.81143e-09	3.6196e+06	101315	7.93333e-05
7.71605e-05	3.45074e-05	85.5295	6.07508e-09	3.40345e+06	101315	7.93333e-05
7.71665e-05	3.50216e-05	83.7611	6.35303e-09	3.19846e+06	101315	7.93333e-05
7.71729e-05	3.55481e-05	82.013	6.64617e-09	3.00415e+06	101315	7.93333e-05
7.71795e-05	3.60874e-05	80.2852	6.95541e-09	2.82006e+06	101315	7.93333e-05
7.71865e-05	3.66398e-05	78.5777	7.28176e-09	2.64574e+06	101315	7.93333e-05
7.71938e-05	3.72058e-05	76.8905	7.62627e-09	2.48077e+06	101315	7.93333e-05
7.72014e-05	3.77858e-05	75.2236	7.9901e-09	2.32473e+06	101315	7.93333e-05
7.72094e-05	3.83802e-05	73.577	8.37448e-09	2.17722e+06	101315	7.93333e-05
7.72178e-05	3.89895e-05	71.9507	8.78071e-09	2.03785e+06	101315	7.93333e-05
7.72265e-05	3.96141e-05	70.3447	9.21021e-09	1.90626e+06	101315	7.93333e-05
7.72357e-05	4.02546e-05	68.759	9.6645e-09	1.78207e+06	101315	7.93333e-05
7.72454e-05	4.09115e-05	67.1935	1.01452e-08	1.66495e+06	101315	7.93333e-05
7.72556e-05	4.15853e-05	65.6482	1.06541e-08	1.55455e+06	101315	7.93333e-05
7.72662e-05	4.22765e-05	64.1232	1.1193e-08	1.45056e+06	101315	7.93333e-05
7.72774e-05	4.29857e-05	62.6183	1.17641e-08	1.35266e+06	101315	7.93333e-05
7.72892e-05	4.37135e-05	61.1336	1.23695e-08	1.26056e+06	101315	7.93333e-05
7.73015e-05	4.44606e-05	59.669	1.30115e-08	1.17397e+06	101315	7.93333e-05
7.73145e-05	4.52275e-05	58.2244	1.36927e-08	1.0926e+06	101315	7.93333e-05
7.73282e-05	4.60149e-05	56.7999	1.4416e-08	1.0162e+06	101315	7.93333e-05
7.73427e-05	4.68235e-05	55.3954	1.51842e-08	944506	101315	7.93333e-05
7.73578e-05	4.7654e-05	54.0108	1.60006e-08	877275	101315	7.93333e-05
7.73738e-05	4.85071e-05	52.6461	1.68686e-08	814269	101315	7.93333e-05
7.73907e-05	4.93837e-05	51.3012	1.77922e-08	755265	101315	7.93333e-05
7.74085e-05	5.02846e-05	49.976	1.87753e-08	700045	101315	7.93333e-05
7.74273e-05	5.12105e-05	48.6705	1.98224e-08	648402	101315	7.93333e-05
7.74471e-05	5.21624e-05	47.3846	2.09384e-08	600138	101315	7.93333e-05
7.7468e-05	5.31411e-05	46.1182	2.21285e-08	555064	101315	7.93333e-05
7.74902e-05	5.41477e-05	44.8712	2.33984e-08	512999	101315	7.93333e-05
7.75136e-05	5.5183e-05	43.6436	2.47543e-08	473770	101315	7.93333e-05
7.75383e-05	5.62483e-05	42.4351	2.6203e-08	437213	101315	7.93333e-05
7.75645e-05	5.73444e-05	41.2458	2.77519e-08	403170	101315	7.93333e-05
7.75923e-05	5.84726e-05	40.0755	2.9409e-08	371492	101315	7.93333e-05
7.76217e-05	5.96341e-05	38.9242	3.11832e-08	342038	101315	7.93333e-05
7.76529e-05	6.083e-05	37.7916	3.30841e-08	314671	101315	7.93333e-05
7.76859e-05	6.20616e-05	36.6776	3.51222e-08	289264	101315	7.93333e-05
7.77211e-05	6.33303e-05	35.5822	3.73091e-08	265694	101315	7.93333e-05
7.77584e-05	6.46375e-05	34.5051	3.96575e-08	243846	101315	7.93333e-05
7.7798e-05	6.59847e-05	33.4463	4.21814e-08	223610	101315	7.93333e-05
7.78402e-05	6.73732e-05	32.4055	4.4896e-08	204882	101315	7.93333e-05
7.78851e-05	6.88048e-05	31.3827	4.78184e-08	187565	101315	7.93333e-05
7.79329e-05	7.02812e-05	30.3776	5.09671e-08	171565	101315	7.93333e-05
7.79839e-05	7.18039e-05	29.39	5.43628e-08	156794	101315	7.93333e-05
7.80383e-05	7.33749e-05	28.4199	5.80282e-08	143170	101315	7.93333e-05
7.80963e-05	7.4996e-05	27.4669	6.19887e-08	130614	101315	7.93333e-05
7.81583e-05	7.66692e-05	26.5308	6.62723e-08	119054	101315	7.93333e-05
7.82246e-05	7.83966e-05	25.6115	7.09103e-08	108418	101315	7.93333e-05
7.82955e-05	8.01803e-05	24.7088	7.59373e-08	98643.3	101315	7.93333e-05
7.83714e-05	8.20224e-05	23.8222	8.13922e-08	89667.3	101315	7.93333e-05
7.84528e-05	8.39254e-05	22.9517	8.73186e-08	81432.5	101315	7.93333e-05
7.85401e-05	8.58917e-05	22.097	9.37651e-08	73885	101315	7.93333e-05
7.86339e-05	8.79237e-05	21.2576	1.00787e-07	66974.1	101315	7.93333e-05
7.87347e-05	9.0024e-05	20.4335	1.08445e-07	60652.2	101315	7.93333e-05
7.88431e-05	9.21954e-05	19.6241	1.16811e-07	54874.8	101315	7.93333e-05
7.89599e-05	9.44405e-05	18.8291	1.25963e-07	49600.5	101315	7.93333e-05
7.90859e-05	9.67624e-05	18.0483	1.35992e-07	44790.3	101315	7.93333e-05
7.92219e-05	9.91638e-05	17.2811	1.47003e-07	40408.1	101315	7.93333e-05
7.93689e-05	0.000101648	16.5271	1.59113e-07	36419.9	101315	7.93333e-05
7.9528e-05	0.000104218	15.7859	1.72462e-07	32794.3	101315	7.93333e-05
7.97005e-05	0.000106876	15.0569	1.8721e-07	29501.9	101315	7.93333e-05
7.98877e-05	0.000109627	14.3396	2.03545e-07	26515.6	101315	7.93333e-05
8.00912e-05	0.000112472	13.6332	2.21688e-07	23809.9	101315	7.93333e-05
8.03129e-05	0.000115416	12.9371	2.41905e-07	21361.4	101315	7.93333e-05
8.05548e-05	0.000118461	12.2505	2.64514e-07	19148.2	101315	7.93333e-05
8.08193e-05	0.000121611	11.5724	2.89904e-07	17150.3	101315	7.93333e-05
8.11092e-05	0.000124867	10.9018	3.18557e-07	15348.9	101315	7.93333e-05
8.14278e-05	0.000128232	10.2373	3.51081e-07	13726.8	101315	7.93333e-05
8.17789e-05	0.000131708	9.57764	3.88259e-07	12268.1	101315	7.93333e-05
8.21671e-05	0.000135297	8.92082	4.31132e-07	10958.3	101315	7.93333e-05
8.25982e-05	0.000138999	8.26462	4.81127e-07	9783.66	101315	7.93333e-05
8.30794e-05	0.000142814	7.60613	5.40289e-07	8731.97	101315	7.93333e-05
8.36197e-05	0.000146741	6.94149	6.1172e-07	7791.78	101315	7.93333e-05
8.42314e-05	0.000150777	6.26534	7.00498e-07	6952.62	101315	7.93333e-05
8.49319e-05	0.000154917	5.56978	8.15876e-07	6204.84	101315	7.93333e-05
8.57478e-05	0.000159159	4.8421	9.7774e-07	5539.31	101315	7.93333e-05
8.67255e-05	0.000163504	4.05891	1.24315e-06	4946.92	101315	7.93333e-05
8.79686e-05	0.000167984	3.16537	1.95565e-06	4416.01	101315	7.93333e-05
8.99243e-05	0.000172922	1.91272	1.87458e-06	3910.03	101315	7.93333e-05
9.15098e-05	0.000175207	0.979827	1.61147e-06	3700.26	101315	7.93333e-05
9.31213e-05	0.000176048	0.067976	1.54859e-06	3626.64	101315	7.93333e-05
9.46699e-05	0.000175479	-0.802083	1.56354e-06	3676.24	101315	7.93333e-05
9.62334e-05	0.000173526	-1.70131	1.65503e-06	3853.22	101315	7.93333e-05
9.78885e-05	0.000169885	-2.70918	2.00288e-06	4212.08	101315	7.93333e-05
9.98914e-05	0.000163126	-4.07183	2.01949e-06	4995.27	101315	7.93333e-05
0.000100977	0.000158256	-4.91602	1.23978e-06	5673.35	101315	7.93333e-05
0.000101919	0.000153243	-5.7387	9.78578e-07	6494.61	101315	7.93333e-05
0.000102713	0.000148382	-6.51959	8.1171e-07	7436.25	101315	7.93333e-05
0.000103395	0.000143682	-7.27483	6.92445e-07	8512.47	101315	7.93333e-05
0.000103989	0.000139146	-8.01491	6.00842e-07	9740.24	101315	7.93333e-05
0.000104512	0.000134772	-8.74691	5.27401e-07	11138.8	101315	7.93333e-05
0.000104975	0.000130555	-9.47582	4.66852e-07	12729.6	101315	7.93333e-05
0.000105388	0.000126494	-10.2053	4.15949e-07	14536.5	101315	7.93333e-05
0.000105758	0.000122583	-10.9381	3.72539e-07	16586.3	101315	7.93333e-05
0.000106091	0.000118817	-11.6764	3.35115e-07	18908.5	101315	7.93333e-05
0.000106392	0.000115192	-12.4219	3.02573e-07	21536.2	101315	7.93333e-05
0.000106695	0.000111309	-13.2636	2.72763e-07	24872.6	101315	7.93333e-05
0.00010694	0.000107966	-14.0284	2.46287e-07	28271.3	101315	7.93333e-05
0.000107186	0.000104407	-14.8883	2.23457e-07	32545	101315	7.93333e-05
0.00010741	0.000100984	-15.7651	2.02114e-07	37435.8	101315	7.93333e-05
0.000107612	9.77097e-05	-16.6545	1.83282e-07	42994.5	101315	7.93333e-05
0.000107795	9.45761e-05	-17.5571	1.66656e-07	49302.6	101315	7.93333e-05
0.000107962	9.15751e-05	-18.4734	1.51923e-07	56452.9	101315	7.93333e-05
0.000108114	8.86992e-05	-19.4038	1.38821e-07	64548.9	101315	7.93333e-05
0.000108252	8.59411e-05	-20.3486	1.27133e-07	73706.7	101315	7.93333e-05
0.00010838	8.32942e-05	-21.308	1.16676e-07	84056.1	101315	7.93333e-05
0.000108496	8.07522e-05	-22.2819	1.07296e-07	95742	101315	7.93333e-05
0.000108604	7.83093e-05	-23.2704	9.88617e-08	108927	101315	7.93333e-05
0.000108702	7.596e-05	-24.2731	9.12617e-08	123793	101315	7.93333e-05
0.000108794	7.36991e-05	-25.2897	8.43995e-08	140543	101315	7.93333e-05
0.000108878	7.15219e-05	-26.3196	7.81918e-08	159407	101315	7.93333e-05
0.000108956	6.94238e-05	-27.3623	7.25667e-08	180641	101315	7.93333e-05
0.000109029	6.74005e-05	-28.4167	6.74614e-08	204535	101315	7.93333e-05
0.000109096	6.5448e-05	-29.482	6.28212e-08	231413	101315	7.93333e-05
0.000109159	6.35626e-05	-30.5569	5.85982e-08	261641	101315	7.93333e-05
0.000109218	6.17407e-05	-31.6398	5.47501e-08	295632	101315	7.93333e-05
0.000109273	5.9979e-05	-32.729	5.12398e-08	333854	101315	7.93333e-05
0.000109324	5.82742e-05	-33.8223	4.80346e-08	376833	101315	7.93333e-05
0.000109372	5.66236e-05	-34.9172	4.51052e-08	425169	101315	7.93333e-05
0.000109417	5.50242e-05	-36.0108	4.24256e-08	479539	101315	7.93333e-05
0.000109459	5.34736e-05	-37.0995	3.99726e-08	540712	101315	7.93333e-05
0.000109499	5.19692e-05	-38.1792	3.77251e-08	609561	101315	7.93333e-05
0.000109537	5.0509e-05	-39.2448	3.56639e-08	687074	101315	7.93333e-05
0.000109573	4.90908e-05	-40.2905	3.37711e-08	774374	101315	7.93333e-05
0.000109606	4.7713e-05	-41.3092	3.20295e-08	872722	101315	7.93333e-05
0.000109638	4.63742e-05	-42.2926	3.04225e-08	983535	101315	7.93333e-05
0.000109669	4.50733e-05	-43.2305	2.89329e-08	1.10838e+06	101315	7.93333e-05
0.000109698	4.38098e-05	-44.1112	2.75424e-08	1.24898e+06	101315	7.93333e-05
0.000109725	4.25836e-05	-44.9206	2.6231e-08	1.40713e+06	101315	7.93333e-05
0.000109752	4.13957e-05	-45.6423	2.49762e-08	1.58467e+06	101315	7.93333e-05
0.000109777	4.02479e-05	-46.2577	2.37534e-08	1.78332e+06	101315	7.93333e-05
0.0001098	3.91431e-05	-46.7465	2.25375e-08	2.00447e+06	101315	7.93333e-05
0.000109823	3.80855e-05	-47.0874	2.13065e-08	2.24886e+06	101315	7.93333e-05
0.000109844	3.70801e-05	-47.2603	2.00476e-08	2.51629e+06	101315	7.93333e-05
0.000109864	3.61324e-05	-47.2487	1.87628e-08	2.80532e+06	101315	7.93333e-05
0.000109883	3.52476e-05	-47.0425	1.74714e-08	3.11322e+06	101315	7.93333e-05
0.0001099	3.44289e-05	-46.639	1.62053e-08	3.43618e+06	101315	7.93333e-05
0.000109917	3.36776e-05	-46.0436	1.49999e-08	3.76981e+06	101315	7.93333e-05
0.000109932	3.29925e-05	-45.2678	1.38837e-08	4.10968e+06	101315	7.93333e-05
0.000109946	3.23703e-05	-44.3267	1.28737e-08	4.45181e+06	101315	7.93333e-05
0.000109958	3.18064e-05	-43.2368	1.19751e-08	4.7928e+06	101315	7.93333e-05
0.00010997	3.12958e-05	-42.0141	1.11847e-08	5.12994e+06	101315	7.93333e-05
0.000109982	3.08332e-05	-40.6734	1.0494e-08	5.46104e+06	101315	7.93333e-05
0.000109992	3.04138e-05	-39.2276	9.89256e-09	5.78437e+06	101315	7.93333e-05
0.000110002	3.00332e-05	-37.6885	9.36967e-09	6.09854e+06	101315	7.93333e-05
0.000110011	2.96875e-05	-36.066	8.91527e-09	6.40236e+06	101315	7.93333e-05
0.00011002	2.93734e-05	-34.3689	8.5204e-09	6.69485e+06	101315	7.93333e-05
0.000110029	2.9088e-05	-32.605	8.17734e-09	6.97512e+06	101315	7.93333e-05
0.000110037	2.88288e-05	-30.781	7.87953e-09	7.24238e+06	101315	7.93333e-05
0.000110045	2.85936e-05	-28.9031	7.62146e-09	7.49592e+06	101315	7.93333e-05
0.000110052	2.83805e-05	-26.9769	7.39856e-09	7.73506e+06	101315	7.93333e-05
0.00011006	2.81882e-05	-25.0073	7.20702e-09	7.9592e+06	101315	7.93333e-05
0.000110067	2.80151e-05	-22.9989	7.04372e-09	8.16772e+06	101315	7.93333e-05
0.000110074	2.78603e-05	-20.956	6.9061e-09	8.36009e+06	101315	7.93333e-05
0.000110081	2.77227e-05	-18.8826	6.79211e-09	8.53576e+06	101315	7.93333e-05
0.000110088	2.76015e-05	-16.7824	6.70011e-09	8.69422e+06	101315	7.93333e-05
0.000110095	2.74962e-05	-14.659	6.62886e-09	8.835e+06	101315	7.93333e-05
0.000110101	2.74061e-05	-12.5156	6.57743e-09	8.95762e+06	101315	7.93333e-05
0.000110108	2.73309e-05	-10.3557	6.54523e-09	9.06164e+06	101315	7.93333e-05
0.000110114	2.72702e-05	-8.18218	6.53198e-09	9.14662e+06	101315	7.93333e-05
0.000110121	2.72239e-05	-5.99817	6.53768e-09	9.21216e+06	101315	7.93333e-05
0.000110127	2.71918e-05	-3.80658	6.56265e-09	9.25785e+06	101315	7.93333e-05
0.000110134	2.71741e-05	-1.61029	6.60754e-09	9.2833e+06	101315	7.93333e-05
0.00011014	2.71707e-05	0.587849	6.67336e-09	9.28814e+06	101315	7.93333e-05
0.000110147	2.7182e-05	2.78504	6.76157e-09	9.27197e+06	101315	7.93333e-05
0.000110154	2.72082e-05	4.9785	6.87412e-09	9.23443e+06	101315	7.93333e-05
0.000110161	2.725e-05	7.16543	7.01356e-09	9.17513e+06	101315	7.93333e-05
0.000110168	2.73079e-05	9.34303	7.18328e-09	9.09366e+06	101315	7.93333e-05
0.000110175	2.73829e-05	11.5085	7.38764e-09	8.9896e+06	101315	7.93333e-05
0.000110182	2.74759e-05	13.659	7.63238e-09	8.86248e+06	101315	7.93333e-05
0.00011019	2.75883e-05	15.7916	7.9251e-09	8.71174e+06	101315	7.93333e-05
0.000110198	2.77219e-05	17.9033	8.27605e-09	8.53678e+06	101315	7.93333e-05
0.000110206	2.78788e-05	19.9911	8.6993e-09	8.33681e+06	101315	7.93333e-05
0.000110215	2.80618e-05	22.0518	9.21478e-09	8.11087e+06	101315	7.93333e-05
0.000110224	2.82745e-05	24.0823	9.85175e-09	7.8577e+06	101315	7.93333e-05
0.000110234	2.85217e-05	26.0792	1.06552e-08	7.57556e+06	101315	7.93333e-05
0.000110245	2.88102e-05	28.0394	1.1699e-08	7.26201e+06	101315	7.93333e-05
0.000110256	2.91497e-05	29.9599	1.31157e-08	6.91334e+06	101315	7.93333e-05
0.000110269	2.95553e-05	31.8385	1.51776e-08	6.52354e+06	101315	7.93333e-05
0.000110285	3.00529e-05	33.6763	1.85896e-08	6.08174e+06	101315	7.93333e-05
0.000110303	3.06965e-05	35.4852	2.64078e-08	5.5639e+06	101315	7.93333e-05
0.00011033	3.16598e-05	37.3413	3.85499e-08	4.8867e+06	101315	7.93333e-05
0.000110358	3.27353e-05	38.5867	2.97782e-08	4.24701e+06	101315	7.93333e-05
0.000110388	3.3896e-05	39.2739	3.26426e-08	3.66884e+06	101315	7.93333e-05
0.00011042	3.5183e-05	39.4994	4.59467e-08	3.13728e+06	101315	7.93333e-05
0.000110466	3.69934e-05	39.201	4.82335e-08	2.54114e+06	101315	7.93333e-05
0.000110501	3.83545e-05	38.6747	3.54514e-08	2.18335e+06	101315	7.93333e-05
0.000110537	3.97137e-05	37.9857	3.31932e-08	1.88626e+06	101315	7.93333e-05
0.00011057	4.09627e-05	37.2572	3.2682e-08	1.65623e+06	101315	7.93333e-05
0.000110603	4.2168e-05	36.4977	3.29323e-08	1.4663e+06	101315	7.93333e-05
0.000110635	4.33571e-05	35.714	3.36017e-08	1.30466e+06	101315	7.93333e-05
0.000110669	4.45437e-05	34.9122	3.45643e-08	1.16479e+06	101315	7.93333e-05
0.000110704	4.57363e-05	34.0972	3.5762e-08	1.04245e+06	101315	7.93333e-05
0.000110739	4.69409e-05	33.273	3.71662e-08	934622	101315	7.93333e-05
0.000110777	4.8162e-05	32.4426	3.87635e-08	839059	101315	7.93333e-05
0.000110815	4.94033e-05	31.6085	4.05492e-08	754007	101315	7.93333e-05
0.000110856	5.0668e-05	30.773	4.25249e-08	678064	101315	7.93333e-05
0.000110898	5.19587e-05	29.9378	4.46959e-08	610080	101315	7.93333e-05
0.000110943	5.3278e-05	29.1045	4.70713e-08	549098	101315	7.93333e-05
0.00011099	5.46283e-05	28.2743	4.96628e-08	494308	101315	7.93333e-05
0.00011104	5.60117e-05	27.4482	5.2485e-08	445020	101315	7.93333e-05
0.000111092	5.74306e-05	26.6274	5.5555e-08	400635	101315	7.93333e-05
0.000111148	5.8887e-05	25.8124	5.88926e-08	360636	101315	7.93333e-05
0.000111207	6.03831e-05	25.0042	6.25204e-08	324568	101315	7.93333e-05
0.000111269	6.19211e-05	24.2031	6.6464e-08	292032	101315	7.93333e-05
0.000111336	6.3503e-05	23.4098	7.07527e-08	262673	101315	7.93333e-05
0.000111407	6.51312e-05	22.6246	7.54191e-08	236177	101315	7.93333e-05
0.000111482	6.68079e-05	21.8478	8.05005e-08	212263	101315	7.93333e-05
0.000111562	6.85353e-05	21.0798	8.60386e-08	190682	101315	7.93333e-05
0.000111648	7.03159e-05	20.3208	9.20808e-08	171208	101315	7.93333e-05
0.000111741	7.21521e-05	19.5708	9.86811e-08	153640	101315	7.93333e-05
0.000111839	7.40463e-05	18.8301	1.059e-07	137796	101315	7.93333e-05
0.000111945	7.60012e-05	18.0985	1.13808e-07	123511	101315	7.93333e-05
0.000112059	7.80193e-05	17.3761	1.22485e-07	110638	101315	7.93333e-05
0.000112181	8.01033e-05	16.6628	1.32022e-07	99042.2	101315	7.93333e-05
0.000112313	8.22559e-05	15.9584	1.42526e-07	88603	101315	7.93333e-05
0.000112456	8.44801e-05	15.2628	1.5412e-07	79210.4	101315	7.93333e-05
0.00011261	8.67787e-05	14.5756	1.66948e-07	70764.7	101315	7.93333e-05
0.000112777	8.91545e-05	13.8965	1.81181e-07	63175.7	101315	7.93333e-05
0.000112958	9.16105e-05	13.225	1.97022e-07	56361.4	101315	7.93333e-05
0.000113155	9.41496e-05	12.5606	2.14714e-07	50247.3	101315	7.93333e-05
0.00011337	9.67748e-05	11.9027	2.34554e-07	44766.1	101315	7.93333e-05
0.000113605	9.94889e-05	11.2504	2.5691e-07	39856.4	101315	7.93333e-05
0.000113861	0.000102295	10.6027	2.82241e-07	35462.4	101315	7.93333e-05
0.000114144	0.000105195	9.95846	3.11141e-07	31533.8	101315	7.93333e-05
0.000114455	0.000108192	9.31611	3.44391e-07	28024.5	101315	7.93333e-05
0.000114799	0.000111288	8.67375	3.83054e-07	24892.9	101315	7.93333e-05
0.000115182	0.000114484	8.02889	4.2864e-07	22101.2	101315	7.93333e-05
